8678539179
8553880389
1359564014
5013234067
3891447527
3432319596
9244833701
7958458949
3171344443
5899252391
4685012096
5229825028
4990130814
8572330308
1113616869
7820402119
1837788892
9217143285
5061639892
2719041418
6436261703
6162420333
4852597685
7047018607
8500816252
9126155636
2627513804
6683863434
4490944228
5469684306
1725100288
8193663762
3253890016
2279932655
7642817844
5170545605
9303668517
4938256995
6500059289
6490509626
9533303632
8454108197
4100072555
2751212347
6248203352
9226905264
6622687394
5570347296
4551049067
4774273379
2569399678
6290647750
1758234763
1200815831
6529986312
5565284385
9670414195
1208852180
2183174736
9013240348
2037992992
3517961079
5453992505
5067019864
7947473946
7427266356
6355112416
1798290694
8133084917
6218842516
3966186437
2974104205
4142322465
2096475232
6023025386
1746948264
8220061962
1397713483
1837832998
8620896327
3070085613
6056175215
7388059831
4189695595
3894501653
5705446315
9039753632
7866708161
4826111343
8250994539
4507744431
4068155550
8346515877
8389308719
8374717577
6464792615
5835144987
7896466884
9048744654
5537646716
8355598550
9917815497
8061401503
6723339542
3009600647
8975077119
8124009011
5604267450
7701300825
8817738341
9167418515
1756885653
9529291893
9928778405
2429075514
9226287515
2336526392
6863605828
4619599851
4295048007
6074607371
5563328491
1407548022
5567964835
8032119713
8787367600
2675996278
2205383197
4772287547
9126793985
8132357947
4764600088
9197122907
6225670026
3026017597
5006393628
4684782008
7168297715
9993490962
5960267172
5580611612
7716638675
8031543687
3451329299
6395689137
6877543311
2470345012
3646544706
7353175467
5601105878
3920070786
6079207609
3081212426
3640234748
3163335782
8958095408
3495159497
2537808021
1479125164
6007048731
7776895084
8795600281
6654015011
5144119861
3328447005
7789270738
2533361722
2711936506
4934896934
7715104169
3169321093
5526901966
8507762273
7829925274
8498178674
5109630233
1662143223
2757096490
4337775749
2721446508
2576256128
4206505855
1133030668
7019852488
4775889147
6841354700
6414818199
7554988164
6071858139
1879422991
7256553626
3394964781
5213987005
1969235286
6953381358
2635715917
3383248894
6496792280
9958934081
1275777286
7950500302
7432852265
6031715695
3003390222
2070489644
9119249766
8926600735
8378443146
5698922805
2200430194
9317979502
8271898690
6990404367
6127318134
3413091743
2946184813
6372431068
7230476079
5122057155
6523745133
4210009449
7600130238
6556207461
7151609865
2332948949
8368216685
5528582526
7412805553
8398495240
2210826641
1065373923
3088331076
1322920957
3265630830
6758453836
1241980720
8564152675
9244891941
8731423108
4120855037
8063958914
9826206401
9901741198
9032699820
6751540378
3263483991
5280845153
4567542973
5203187474
6457319427
3324197464
2572546039
8827277378
9566445102
2928349597
6280060246
6899926484
8924988499
7840203575
9144745957
2531862879
6620194814
9459066102
2752548379
5308069577
5117090212
8584095708
8442164078
7015366766
6217611064
3433844997
9519609044
7835159325
3900078103
1492047419
4492514879
3350949863
1411555483
2880317186
4686537718
8939743342
9771437187
3615304765
5329487351
6530181006
9351965434
5440704772
5870969577
2808388501
4903370856
6272548999
3364212687
6614039688
5717021979
4803517186
5895400179
9973072879
8577748190
7541329083
8410505022
9491796126
3433171113
2549253964
2315986253
5204570417
5727385299
4829585235
3062245127
9860008998
4482210039
6328383375
4850215433
8611136889
4542193085
6522538011
2584692928
3363881504
1039668974
2165070552
7342636528
6444727931
9069288325
4024404680
8506659028
5874733173
9053730986
7011012759
2849835321
7281292049
7952310149
8945734431
1589995104
5131245031
7518898386
1125761597
4257860243
8759846909
4654839637
3437382506
1882029815
6436118773
2210725205
6958767141
5293379668
2994280513
7512374845
6197125435
6125044629
1912661391
4775336686
3494038056
5572167941
2547483325
8131828934
4719569298
6184159105
1919321089
8263503791
9510769953
6313565034
7909524336
2685605682
4827303880
1890561942
8829935276
1213440496
5820783152
7326655263
4495353678
3579410947
2504954643
1330037507
4543659394
6346315060
8905069511
9064011097
3190128476
1711958450
2072693166
2659994834
9347117793
6902536312
2182030260
5082919585
5634693468
8916171639
3082707883
8438051197
8508396877
8404169391
5087209101
9209498002
6006861396
3887673484
5581272957
3580066375
7319978101
1274047858
8099450365
1138766394
5270382628
7841785649
6924201878
6942719068
2000166662
9030083044
3361740868
4700776374
3941770381
8939119501
7150248418
5204222413
8169294013
3647147485
5067407375
5301542994
1432599081
3524579828
3578529648
7144435846
9709053493
3038531351
1486317723
4203887874
3158418111
7404705906
5580898656
6020803050
8236964856
2602094610
3256311876
8228464806
8631366284
5859748377
6724754573
5444435736
7506014934
7897448409
3058982928
4376282235
1257016005
2512074141
4083804533
6127172893
4741022747
9771206988
4622291306
3381347049
6720403783
6284632831
4673520357
5233772639
1008735803
6167300160
8442815285
4863455273
8144910851
9438109864
7896671766
6570456970
3627270861
4395174134
8987806285
3379370995
8586027023
3422894589
9339576505
2126718449
1441068868
7350537830
5812230925
7881093901
7373650958
9400597317
6450531217
7679921480
1904506798
1180611964
9838251679
2570294801
9554805688
2881966776
7879585242
2027080893
4396158549
2449227413
8963450992
7873823393
7135927511
7955329351
3877312965
8525055565
8866119427
2228094086
4426064103
2401006117
1328872211
5711433597
3318498825
3544502257
2610163114
3066479995
5430506162
2440981893
4313876301
1713100835
1055727229
5945709592
6776872804
5685407000
3633921921
9439470321
8324307235
4984759725
5399583002
7320301248
3754414243
2857622820
6422382662
4787650357
8807609331
4838198487
3667676707
8370044409
1986098688
7651419522
8924176034
6125028158
7412020005
2015439759
4335386037
1086744956
3567263031
3477350002
3268993046
3304850793
5945522285
2568397428
1208666918
5016681300
7024378753
7615922086
6153189433
4683770054
7261769170
7918359073
3624875680
3547542525
7111539163
9694998210
2905020060
4131024762
6529705120
9214287713
2275099251
9743591004
3171552494
3122801354
4276335584
2423421236
8525422295
4938411834
2930730303
8855445779
6389794575
3618819570
6904713871
1858643829
7574669940
1770658884
3970071276
3467970169
4600914910
3054573084
4851413027
3307397966
9006918788
1957297603
5163477920
1123429840
1870453529
9730980786
7464987947
4828594251
8011976340
8369359767
3861274393
9082438062
3330313676
7201871622
1656320892
9898621008
4355953240
2394297265
7447865805
9826440897
4639126421
7477069826
8095735367
8680722986
1106905176
7578117368
8638473480
2490574729
4622172026
6340085086
4848903640
7284596032
4484347896
7313962075
6688443937
2493950097
7817894982
3067099914
8220203949
7622496342
2809460491
5565505930
2381216067
8234275138
6875988472
7115605277
2042373452
7797394014
5599908141
8954811646
9817622038
8044171442
4253161564
6694436594
7319457607
5493944030
5972351646
7249744317
6273154141
5133037696
9555655916
1727022243
1301086510
3534631340
1376565112
3685991163
1952667903
2409980906
8940626904
8364882419
6149863415
2349360039
9256109526
7794617366
3905853712
7973083031
6750867482
5997305424
1811192512
6330116014
9541932546
3349772390
4102213421
5962726032
3277384607
6875565073
5601748321
1359066477
4248828973
8682787347
1758960425
1775043178
7974200793
9695061672
4959339840
2385486018
6532829385
7236002947
2983398796
3086096482
6295632847
6444862127
8361424964
3008425953
6410252233
8864102363
9359891101
9369967718
8836106425
7144077505
3251146372
3032338650
4654547058
2470551764
9803351785
6389392208
8175494753
7505833016
1230607337
9738566570
6906134495
2081509680
4558860398
9386351796
6172882308
9596217659
1233705638
2325637644
2479165530
2166924091
4774792113
2291782213
3009457099
7900522027
2143637730
2086044106
1044140003
8754400362
1651964726
3874162525
4540978388
3411398343
7700949348
7688682590
2721729603
8146776773
5905739822
6548504162
9249538753
5061033697
4018835911
7266558060
9869419825
7058872209
6250560961
7415494428
5212160754
4218677524
8582760201
4247434656
6738221200
8295589083
8504591199
2302658517
3028323821
5017159854
1228340133
4731404788
7650128502
8492664420
2200572607
9776228097
6061931695
5330328735
8979968141
6441380886
6048615407
7792057026
5159151073
3121829065
8005345290
2690479507
9525370947
8939428851
1784328059
8143634239
3039379975
6841173218
6294546314
4022841518
5359844370
7562346798
3549532902
5648925882
5589409252
3669354245
3090068074
6264617449
9175852134
1522642667
3889331383
9286133779
2894429662
7378082802
1384649322
7287915739
3894728843
7588215689
2974398715
2237481971
6018398255
4658578189
8914527870
3722596202
2390727700
4783303218
8296385163
5206575118
3708289495
4481567467
2029123757
8327064020
5911168722
5558724817
3242903159
1845383895
4339475990
8688634630
6320881829
8360629841
1425538835
5971024431
4564856186
7960135540
6404256304
1784281467
6885929945
7054356313
9662881375
8727447894
4960314126
9540824634
4358709580
4741464289
9930137104
4659916322
6725790201
2375304734
3731893885
6598382250
2572696251
3321441764
6530971110
5526141018
3933476579
2542546258
8339933180
9996722869
3658254836
1833960597
3214401733
1448072189
7677691971
4108784171
7908359140
5998202379
